[
    [
        1,
        0.26,
        0.3,
        0.26,
        0.25,
        1.0,
        1.0,
        0.92
    ],
    [
        0.26,
        1,
        0.26,
        1.0,
        0.27,
        0.26,
        0.26,
        0.24
    ],
    [
        0.3,
        0.26,
        1,
        0.26,
        0.32,
        0.3,
        0.3,
        0.26
    ],
    [
        0.26,
        1.0,
        0.26,
        1,
        0.27,
        0.26,
        0.26,
        0.24
    ],
    [
        0.25,
        0.27,
        0.32,
        0.27,
        1,
        0.25,
        0.25,
        0.21
    ],
    [
        1.0,
        0.26,
        0.3,
        0.26,
        0.25,
        1,
        1.0,
        0.92
    ],
    [
        1.0,
        0.26,
        0.3,
        0.26,
        0.25,
        1.0,
        1,
        0.92
    ],
    [
        0.92,
        0.24,
        0.26,
        0.24,
        0.21,
        0.92,
        0.92,
        1
    ]
]