{
    "matrix": [
        [
            1,
            0.26,
            0.3,
            0.32,
            0.26,
            0.3,
            0.3,
            0.26
        ],
        [
            0.26,
            1,
            0.26,
            0.27,
            1.0,
            0.26,
            0.26,
            0.24
        ],
        [
            0.3,
            0.26,
            1,
            0.25,
            0.26,
            1.0,
            1.0,
            0.92
        ],
        [
            0.32,
            0.27,
            0.25,
            1,
            0.27,
            0.25,
            0.25,
            0.21
        ],
        [
            0.26,
            1.0,
            0.26,
            0.27,
            1,
            0.26,
            0.26,
            0.24
        ],
        [
            0.3,
            0.26,
            1.0,
            0.25,
            0.26,
            1,
            1.0,
            0.92
        ],
        [
            0.3,
            0.26,
            1.0,
            0.25,
            0.26,
            1.0,
            1,
            0.92
        ],
        [
            0.26,
            0.24,
            0.92,
            0.21,
            0.24,
            0.92,
            0.92,
            1
        ]
    ],
    "names": [
        "testfile_1.txt",
        "testfile_2.txt",
        "testfile_3.txt",
        "testfile_4.txt",
        "testfile_5.txt",
        "testfile_6.txt",
        "testfile_7.txt",
        "testfile_8.txt"
    ]
}